Energy values in Hartree, Dipoles moment in debye
-------------------------------------------------+--------------------------+-------------
    Homo        Lumo     Del_HL(H)   Del_HL(eV)  | Abs. Energy    Del_En    |     DipM    
-------------------------------------------------+--------------------------+-------------
  -0.20955    -0.06215     0.14740      4.0110   | -4508.3424    0.000192   |    8.79750  
  -0.20955    -0.06216     0.14739      4.0107   | -4508.3424    0.000192   |    8.79640  
  -0.20954    -0.06216     0.14738      4.0104   | -4508.3423    0.000245   |    8.72980  
  -0.20954    -0.06216     0.14738      4.0104   | -4508.3423    0.000244   |    8.72950  
  -0.20956    -0.06180     0.14776      4.0208   | -4508.3424    0.000181   |    7.36820  
  -0.20956    -0.06180     0.14776      4.0208   | -4508.3424    0.000180   |    7.36740  
  -0.20955    -0.06170     0.14785      4.0232   | -4508.3423    0.000276   |    7.19910  
  -0.20955    -0.06156     0.14799      4.0270   | -4508.3423    0.000252   |    7.15750  
  -0.20960    -0.06193     0.14767      4.0183   | -4508.3423    0.000301   |    5.69600  
  -0.20960    -0.06193     0.14767      4.0183   | -4508.3423    0.000301   |    5.69500  
  -0.20955    -0.06190     0.14765      4.0178   | -4508.3425    0.000077   |    5.60160  
  -0.20961    -0.06214     0.14747      4.0129   | -4508.3424    0.000185   |    5.56730  
  -0.20961    -0.06214     0.14747      4.0129   | -4508.3424    0.000185   |    5.56640  
  -0.20959    -0.06213     0.14746      4.0126   | -4508.3425    0.000089   |    3.07930  
  -0.20959    -0.06222     0.14737      4.0101   | -4508.3426    0.000000   |    3.07160  
  -0.20959    -0.06222     0.14737      4.0101   | -4508.3426    0.000000   |    3.07130  
-------------------------------------------------+--------------------------+-------------
